0 1.115e-05
1 0.000136729
1 0.000160517
2 0.000174572
3 0.000186515
5 0.00019787
8 0.00020976
13 0.000221409
21 0.00023264
34 0.000243612
55 0.000250325
89 0.000257167
144 0.000264117
233 0.000270812
377 0.000277151
610 0.000284012
987 0.0002906
1597 0.000297452
2584 0.000304022
4181 0.000310655
6765 0.000316883
10946 0.000323267
17711 0.000329592
28657 0.000336047
46368 0.000342333
75025 0.000348783
121393 0.000355136
196418 0.000361782
317811 0.000368193
514229 0.00037491
832040 0.000381254
1346269 0.000387722
2178309 0.000394538
3524578 0.000401242
5702887 0.000407715
9227465 0.000414005
14930352 0.000420598
24157817 0.000427298
39088169 0.000433566
63245986 0.000439838
102334155 0.000446137
165580141 0.000452588
267914296 0.0004589
433494437 0.000465444
701408733 0.000472848
1134903170 0.000479285
1836311903 0.000485847
2971215073 0.000492235
4807526976 0.000498516
7778742049 0.000505238
12586269025 0.000511711
