0 5.20999e-07
1 3.6586e-05
1 5.3305e-05
2 6.0918e-05
3 6.7462e-05
5 7.3864e-05
8 8.0314e-05
13 8.6952e-05
21 9.3643e-05
34 0.000100173
55 0.0001071
89 0.000113894
144 0.000120865
233 0.000127521
377 0.000134025
610 0.000140814
987 0.000147376
1597 0.000154084
2584 0.000160731
4181 0.000167578
6765 0.000173935
10946 0.00018051
17711 0.000187027
28657 0.000193691
46368 0.000200097
75025 0.000206811
121393 0.000213497
196418 0.000220237
317811 0.000226701
514229 0.000233383
832040 0.000239762
1346269 0.000246195
2178309 0.000253046
3524578 0.000259604
5702887 0.000269159
9227465 0.000280376
14930352 0.000291348
24157817 0.000301518
39088169 0.000312263
63245986 0.000322513
102334155 0.000333459
165580141 0.000344319
267914296 0.000355461
433494437 0.000366125
701408733 0.000381512
1134903170 0.000389326
1836311903 0.00039607
2971215073 0.000402485
4807526976 0.0004089
7778742049 0.000415911
12586269025 0.000422433
20365011074 0.000428959
32951280099 0.00043537
53316291173 0.000441816
86267571272 0.000448378
139583862445 0.000455002
225851433717 0.000461666
365435296162 0.000467978
591286729879 0.00047438
956722026041 0.000480964
1548008755920 0.000487428
2504730781961 0.000494738
4052739537881 0.000501237
6557470319842 0.000507786
10610209857723 0.000514415
17167680177565 0.000520923
27777890035288 0.000527333
44945570212853 0.000533802
72723460248141 0.000540849
117669030460994 0.000547433
190392490709135 0.000554008
308061521170129 0.000560508
498454011879264 0.000567141
806515533049393 0.000573609
1304969544928657 0.000580206
2111485077978050 0.000587214
3416454622906707 0.00059378
5527939700884757 0.000600146
8944394323791464 0.000606726
14472334024676221 0.000613327
23416728348467685 0.000620753
37889062373143906 0.000627444
61305790721611591 0.000634483
99194853094755497 0.000645255
160500643816367088 0.000656734
259695496911122585 0.000667127
420196140727489673 0.00067809
679891637638612258 0.000689316
1100087778366101931 0.000701019
1779979416004714189 0.00071331
2880067194370816120 0.000724397
4660046610375530309 0.000737196
7540113804746346429 0.000744671
12200160415121876738 0.000751264
19740274219868223167 0.00075812
31940434634990099905 0.0007658
51680708854858323072 0.000772446
83621143489848422977 0.000779008
135301852344706746049 0.00078577
218922995834555169026 0.000807835
354224848179261915075 0.000815002
