0 1.86999e-07
1 3.4948e-05
1 4.8245e-05
2 5.4713e-05
3 6.0656e-05
5 6.6362e-05
8 7.2118e-05
13 7.8038e-05
21 8.4275e-05
34 9.289e-05
55 0.000103359
89 0.000115552
144 0.00012741
233 0.000142921
377 0.000163262
610 0.000189678
987 0.000220902
1597 0.000257297
2584 0.000312063
4181 0.000396904
6765 0.000560735
10946 0.000772607
17711 0.00111148
28657 0.00165637
46368 0.00253372
75025 0.00396933
121393 0.0060272
196418 0.00938344
317811 0.0145552
514229 0.0223077
832040 0.0339193
1346269 0.0501564
2178309 0.0733214
3524578 0.0968137
5702887 0.12908
9227465 0.181978
14930352 0.266449
24157817 0.403081
39088169 0.624188
63245986 0.9817
102334155 1.56527
